


local NewPart = Instance.new("Part")
NewPart.Position = Vector3.new(-140.838547, -13.8191776, 215.7957, 0.594840229, 0.0617354363, -0.801469803, 1.03057287e-08, 0.99704653, 0.0768002868, 0.803843975, -0.0456839055, 0.593083382)


NewPart.Parent = workspace
NewPart.Anchored = false
NewPart.Size = Vector3.new(1,1,1)


local NewPart = Instance.new("Part")
NewPart.Position = Vector3.new(-140.838547, -13.8191776, 215.7957, 0.594840229, 0.0617354363, -0.801469803, 1.03057287e-08, 0.99704653, 0.0768002868, 0.803843975, -0.0456839055, 0.593083382)


NewPart.Parent = workspace
NewPart.Anchored = false
NewPart.Size = Vector3.new(1,1,1)


local NewPart = Instance.new("Part")
NewPart.Position = Vector3.new(-140.838547, -13.8191776, 215.7957, 0.594840229, 0.0617354363, -0.801469803, 1.03057287e-08, 0.99704653, 0.0768002868, 0.803843975, -0.0456839055, 0.593083382)


NewPart.Parent = workspace
NewPart.Anchored = false
NewPart.Size = Vector3.new(1,1,1)


local NewPart = Instance.new("Part")
NewPart.Position = Vector3.new(-140.838547, -13.8191776, 215.7957, 0.594840229, 0.0617354363, -0.801469803, 1.03057287e-08, 0.99704653, 0.0768002868, 0.803843975, -0.0456839055, 0.593083382)


NewPart.Parent = workspace
NewPart.Anchored = false
NewPart.Size = Vector3.new(1,1,1)


local NewPart = Instance.new("Part")
NewPart.Position = Vector3.new(-140.838547, -13.8191776, 215.7957, 0.594840229, 0.0617354363, -0.801469803, 1.03057287e-08, 0.99704653, 0.0768002868, 0.803843975, -0.0456839055, 0.593083382)


NewPart.Parent = workspace
NewPart.Anchored = false
NewPart.Size = Vector3.new(1,1,1)


local NewPart = Instance.new("Part")
NewPart.Position = Vector3.new(-140.838547, -13.8191776, 215.7957, 0.594840229, 0.0617354363, -0.801469803, 1.03057287e-08, 0.99704653, 0.0768002868, 0.803843975, -0.0456839055, 0.593083382)


NewPart.Parent = workspace
NewPart.Anchored = false
NewPart.Size = Vector3.new(1,1,1)


local NewPart = Instance.new("Part")
NewPart.Position = Vector3.new(-140.838547, -13.8191776, 215.7957, 0.594840229, 0.0617354363, -0.801469803, 1.03057287e-08, 0.99704653, 0.0768002868, 0.803843975, -0.0456839055, 0.593083382)


NewPart.Parent = workspace
NewPart.Anchored = false
NewPart.Size = Vector3.new(1,1,1)


local NewPart = Instance.new("Part")
NewPart.Position = Vector3.new(-140.838547, -13.8191776, 215.7957, 0.594840229, 0.0617354363, -0.801469803, 1.03057287e-08, 0.99704653, 0.0768002868, 0.803843975, -0.0456839055, 0.593083382)


NewPart.Parent = workspace
NewPart.Anchored = false
NewPart.Size = Vector3.new(1,1,1)


local NewPart = Instance.new("Part")
NewPart.Position = Vector3.new(-140.838547, -13.8191776, 215.7957, 0.594840229, 0.0617354363, -0.801469803, 1.03057287e-08, 0.99704653, 0.0768002868, 0.803843975, -0.0456839055, 0.593083382)


NewPart.Parent = workspace
NewPart.Anchored = false
NewPart.Size = Vector3.new(1,1,1)


local NewPart = Instance.new("Part")
NewPart.Position = Vector3.new(-140.838547, -13.8191776, 215.7957, 0.594840229, 0.0617354363, -0.801469803, 1.03057287e-08, 0.99704653, 0.0768002868, 0.803843975, -0.0456839055, 0.593083382)


NewPart.Parent = workspace
NewPart.Anchored = false
NewPart.Size = Vector3.new(1,1,1)


local NewPart = Instance.new("Part")
NewPart.Position = Vector3.new(-140.838547, -13.8191776, 215.7957, 0.594840229, 0.0617354363, -0.801469803, 1.03057287e-08, 0.99704653, 0.0768002868, 0.803843975, -0.0456839055, 0.593083382)


NewPart.Parent = workspace
NewPart.Anchored = false
NewPart.Size = Vector3.new(1,1,1)


local NewPart = Instance.new("Part")
NewPart.Position = Vector3.new(-140.838547, -13.8191776, 215.7957, 0.594840229, 0.0617354363, -0.801469803, 1.03057287e-08, 0.99704653, 0.0768002868, 0.803843975, -0.0456839055, 0.593083382)


NewPart.Parent = workspace
NewPart.Anchored = false
NewPart.Size = Vector3.new(1,1,1)


local NewPart = Instance.new("Part")
NewPart.Position = Vector3.new(-140.838547, -13.8191776, 215.7957, 0.594840229, 0.0617354363, -0.801469803, 1.03057287e-08, 0.99704653, 0.0768002868, 0.803843975, -0.0456839055, 0.593083382)


NewPart.Parent = workspace
NewPart.Anchored = false
NewPart.Size = Vector3.new(1,1,1)


local NewPart = Instance.new("Part")
NewPart.Position = Vector3.new(-140.838547, -13.8191776, 215.7957, 0.594840229, 0.0617354363, -0.801469803, 1.03057287e-08, 0.99704653, 0.0768002868, 0.803843975, -0.0456839055, 0.593083382)


NewPart.Parent = workspace
NewPart.Anchored = false
NewPart.Size = Vector3.new(1,1,1)


local NewPart = Instance.new("Part")
NewPart.Position = Vector3.new(-140.838547, -13.8191776, 215.7957, 0.594840229, 0.0617354363, -0.801469803, 1.03057287e-08, 0.99704653, 0.0768002868, 0.803843975, -0.0456839055, 0.593083382)


NewPart.Parent = workspace
NewPart.Anchored = false
NewPart.Size = Vector3.new(1,1,1)


local NewPart = Instance.new("Part")
NewPart.Position = Vector3.new(-140.838547, -13.8191776, 215.7957, 0.594840229, 0.0617354363, -0.801469803, 1.03057287e-08, 0.99704653, 0.0768002868, 0.803843975, -0.0456839055, 0.593083382)


NewPart.Parent = workspace
NewPart.Anchored = false
NewPart.Size = Vector3.new(1,1,1)


local NewPart = Instance.new("Part")
NewPart.Position = Vector3.new(-140.838547, -13.8191776, 215.7957, 0.594840229, 0.0617354363, -0.801469803, 1.03057287e-08, 0.99704653, 0.0768002868, 0.803843975, -0.0456839055, 0.593083382)


NewPart.Parent = workspace
NewPart.Anchored = false
NewPart.Size = Vector3.new(1,1,1)


local NewPart = Instance.new("Part")
NewPart.Position = Vector3.new(-140.838547, -13.8191776, 215.7957, 0.594840229, 0.0617354363, -0.801469803, 1.03057287e-08, 0.99704653, 0.0768002868, 0.803843975, -0.0456839055, 0.593083382)


NewPart.Parent = workspace
NewPart.Anchored = false
NewPart.Size = Vector3.new(1,1,1)


local NewPart = Instance.new("Part")
NewPart.Position = Vector3.new(-140.838547, -13.8191776, 215.7957, 0.594840229, 0.0617354363, -0.801469803, 1.03057287e-08, 0.99704653, 0.0768002868, 0.803843975, -0.0456839055, 0.593083382)


NewPart.Parent = workspace
NewPart.Anchored = false
NewPart.Size = Vector3.new(1,1,1)


local NewPart = Instance.new("Part")
NewPart.Position = Vector3.new(-140.838547, -13.8191776, 215.7957, 0.594840229, 0.0617354363, -0.801469803, 1.03057287e-08, 0.99704653, 0.0768002868, 0.803843975, -0.0456839055, 0.593083382)


NewPart.Parent = workspace
NewPart.Anchored = false
NewPart.Size = Vector3.new(1,1,1)


local NewPart = Instance.new("Part")
NewPart.Position = Vector3.new(-140.838547, -13.8191776, 215.7957, 0.594840229, 0.0617354363, -0.801469803, 1.03057287e-08, 0.99704653, 0.0768002868, 0.803843975, -0.0456839055, 0.593083382)


NewPart.Parent = workspace
NewPart.Anchored = false
NewPart.Size = Vector3.new(1,1,1)


local NewPart = Instance.new("Part")
NewPart.Position = Vector3.new(-140.838547, -13.8191776, 215.7957, 0.594840229, 0.0617354363, -0.801469803, 1.03057287e-08, 0.99704653, 0.0768002868, 0.803843975, -0.0456839055, 0.593083382)


NewPart.Parent = workspace
NewPart.Anchored = false
NewPart.Size = Vector3.new(1,1,1)


local NewPart = Instance.new("Part")
NewPart.Position = Vector3.new(-140.838547, -13.8191776, 215.7957, 0.594840229, 0.0617354363, -0.801469803, 1.03057287e-08, 0.99704653, 0.0768002868, 0.803843975, -0.0456839055, 0.593083382)


NewPart.Parent = workspace
NewPart.Anchored = false
NewPart.Size = Vector3.new(1,1,1)


local NewPart = Instance.new("Part")
NewPart.Position = Vector3.new(-140.838547, -13.8191776, 215.7957, 0.594840229, 0.0617354363, -0.801469803, 1.03057287e-08, 0.99704653, 0.0768002868, 0.803843975, -0.0456839055, 0.593083382)


NewPart.Parent = workspace
NewPart.Anchored = false
NewPart.Size = Vector3.new(1,1,1)


local NewPart = Instance.new("Part")
NewPart.Position = Vector3.new(-140.838547, -13.8191776, 215.7957, 0.594840229, 0.0617354363, -0.801469803, 1.03057287e-08, 0.99704653, 0.0768002868, 0.803843975, -0.0456839055, 0.593083382)


NewPart.Parent = workspace
NewPart.Anchored = false
NewPart.Size = Vector3.new(1,1,1)


local NewPart = Instance.new("Part")
NewPart.Position = Vector3.new(-140.838547, -13.8191776, 215.7957, 0.594840229, 0.0617354363, -0.801469803, 1.03057287e-08, 0.99704653, 0.0768002868, 0.803843975, -0.0456839055, 0.593083382)


NewPart.Parent = workspace
NewPart.Anchored = false
NewPart.Size = Vector3.new(1,1,1)


local NewPart = Instance.new("Part")
NewPart.Position = Vector3.new(-140.838547, -13.8191776, 215.7957, 0.594840229, 0.0617354363, -0.801469803, 1.03057287e-08, 0.99704653, 0.0768002868, 0.803843975, -0.0456839055, 0.593083382)


NewPart.Parent = workspace
NewPart.Anchored = false
NewPart.Size = Vector3.new(1,1,1)


local NewPart = Instance.new("Part")
NewPart.Position = Vector3.new(-140.838547, -13.8191776, 215.7957, 0.594840229, 0.0617354363, -0.801469803, 1.03057287e-08, 0.99704653, 0.0768002868, 0.803843975, -0.0456839055, 0.593083382)


NewPart.Parent = workspace
NewPart.Anchored = false
NewPart.Size = Vector3.new(1,1,1)


local NewPart = Instance.new("Part")
NewPart.Position = Vector3.new(-140.838547, -13.8191776, 215.7957, 0.594840229, 0.0617354363, -0.801469803, 1.03057287e-08, 0.99704653, 0.0768002868, 0.803843975, -0.0456839055, 0.593083382)


NewPart.Parent = workspace
NewPart.Anchored = false
NewPart.Size = Vector3.new(1,1,1)


local NewPart = Instance.new("Part")
NewPart.Position = Vector3.new(-140.838547, -13.8191776, 215.7957, 0.594840229, 0.0617354363, -0.801469803, 1.03057287e-08, 0.99704653, 0.0768002868, 0.803843975, -0.0456839055, 0.593083382)


NewPart.Parent = workspace
NewPart.Anchored = false
NewPart.Size = Vector3.new(1,1,1)


local NewPart = Instance.new("Part")
NewPart.Position = Vector3.new(-140.838547, -13.8191776, 215.7957, 0.594840229, 0.0617354363, -0.801469803, 1.03057287e-08, 0.99704653, 0.0768002868, 0.803843975, -0.0456839055, 0.593083382)


NewPart.Parent = workspace
NewPart.Anchored = false
NewPart.Size = Vector3.new(1,1,1)


local NewPart = Instance.new("Part")
NewPart.Position = Vector3.new(-140.838547, -13.8191776, 215.7957, 0.594840229, 0.0617354363, -0.801469803, 1.03057287e-08, 0.99704653, 0.0768002868, 0.803843975, -0.0456839055, 0.593083382)


NewPart.Parent = workspace
NewPart.Anchored = false
NewPart.Size = Vector3.new(1,1,1)


local NewPart = Instance.new("Part")
NewPart.Position = Vector3.new(-140.838547, -13.8191776, 215.7957, 0.594840229, 0.0617354363, -0.801469803, 1.03057287e-08, 0.99704653, 0.0768002868, 0.803843975, -0.0456839055, 0.593083382)


NewPart.Parent = workspace
NewPart.Anchored = false
NewPart.Size = Vector3.new(1,1,1)


local NewPart = Instance.new("Part")
NewPart.Position = Vector3.new(-140.838547, -13.8191776, 215.7957, 0.594840229, 0.0617354363, -0.801469803, 1.03057287e-08, 0.99704653, 0.0768002868, 0.803843975, -0.0456839055, 0.593083382)


NewPart.Parent = workspace
NewPart.Anchored = false
NewPart.Size = Vector3.new(1,1,1)


local NewPart = Instance.new("Part")
NewPart.Position = Vector3.new(-140.838547, -13.8191776, 215.7957, 0.594840229, 0.0617354363, -0.801469803, 1.03057287e-08, 0.99704653, 0.0768002868, 0.803843975, -0.0456839055, 0.593083382)


NewPart.Parent = workspace
NewPart.Anchored = false
NewPart.Size = Vector3.new(1,1,1)


local NewPart = Instance.new("Part")
NewPart.Position = Vector3.new(-140.838547, -13.8191776, 215.7957, 0.594840229, 0.0617354363, -0.801469803, 1.03057287e-08, 0.99704653, 0.0768002868, 0.803843975, -0.0456839055, 0.593083382)


NewPart.Parent = workspace
NewPart.Anchored = false
NewPart.Size = Vector3.new(1,1,1)


local NewPart = Instance.new("Part")
NewPart.Position = Vector3.new(-140.838547, -13.8191776, 215.7957, 0.594840229, 0.0617354363, -0.801469803, 1.03057287e-08, 0.99704653, 0.0768002868, 0.803843975, -0.0456839055, 0.593083382)


NewPart.Parent = workspace
NewPart.Anchored = false
NewPart.Size = Vector3.new(1,1,1)


local NewPart = Instance.new("Part")
NewPart.Position = Vector3.new(-140.838547, -13.8191776, 215.7957, 0.594840229, 0.0617354363, -0.801469803, 1.03057287e-08, 0.99704653, 0.0768002868, 0.803843975, -0.0456839055, 0.593083382)


NewPart.Parent = workspace
NewPart.Anchored = false
NewPart.Size = Vector3.new(1,1,1)


local NewPart = Instance.new("Part")
NewPart.Position = Vector3.new(-140.838547, -13.8191776, 215.7957, 0.594840229, 0.0617354363, -0.801469803, 1.03057287e-08, 0.99704653, 0.0768002868, 0.803843975, -0.0456839055, 0.593083382)


NewPart.Parent = workspace
NewPart.Anchored = false
NewPart.Size = Vector3.new(1,1,1)


local NewPart = Instance.new("Part")
NewPart.Position = Vector3.new(-140.838547, -13.8191776, 215.7957, 0.594840229, 0.0617354363, -0.801469803, 1.03057287e-08, 0.99704653, 0.0768002868, 0.803843975, -0.0456839055, 0.593083382)


NewPart.Parent = workspace
NewPart.Anchored = false
NewPart.Size = Vector3.new(1,1,1)


local NewPart = Instance.new("Part")
NewPart.Position = Vector3.new(-140.838547, -13.8191776, 215.7957, 0.594840229, 0.0617354363, -0.801469803, 1.03057287e-08, 0.99704653, 0.0768002868, 0.803843975, -0.0456839055, 0.593083382)


NewPart.Parent = workspace
NewPart.Anchored = false
NewPart.Size = Vector3.new(1,1,1)


local NewPart = Instance.new("Part")
NewPart.Position = Vector3.new(-140.838547, -13.8191776, 215.7957, 0.594840229, 0.0617354363, -0.801469803, 1.03057287e-08, 0.99704653, 0.0768002868, 0.803843975, -0.0456839055, 0.593083382)


NewPart.Parent = workspace
NewPart.Anchored = false
NewPart.Size = Vector3.new(1,1,1)


local NewPart = Instance.new("Part")
NewPart.Position = Vector3.new(-140.838547, -13.8191776, 215.7957, 0.594840229, 0.0617354363, -0.801469803, 1.03057287e-08, 0.99704653, 0.0768002868, 0.803843975, -0.0456839055, 0.593083382)


NewPart.Parent = workspace
NewPart.Anchored = false
NewPart.Size = Vector3.new(1,1,1)


local NewPart = Instance.new("Part")
NewPart.Position = Vector3.new(-140.838547, -13.8191776, 215.7957, 0.594840229, 0.0617354363, -0.801469803, 1.03057287e-08, 0.99704653, 0.0768002868, 0.803843975, -0.0456839055, 0.593083382)


NewPart.Parent = workspace
NewPart.Anchored = false
NewPart.Size = Vector3.new(1,1,1)


local NewPart = Instance.new("Part")
NewPart.Position = Vector3.new(-140.838547, -13.8191776, 215.7957, 0.594840229, 0.0617354363, -0.801469803, 1.03057287e-08, 0.99704653, 0.0768002868, 0.803843975, -0.0456839055, 0.593083382)


NewPart.Parent = workspace
NewPart.Anchored = false
NewPart.Size = Vector3.new(1,1,1)


local NewPart = Instance.new("Part")
NewPart.Position = Vector3.new(-140.838547, -13.8191776, 215.7957, 0.594840229, 0.0617354363, -0.801469803, 1.03057287e-08, 0.99704653, 0.0768002868, 0.803843975, -0.0456839055, 0.593083382)


NewPart.Parent = workspace
NewPart.Anchored = false
NewPart.Size = Vector3.new(1,1,1)


local NewPart = Instance.new("Part")
NewPart.Position = Vector3.new(-140.838547, -13.8191776, 215.7957, 0.594840229, 0.0617354363, -0.801469803, 1.03057287e-08, 0.99704653, 0.0768002868, 0.803843975, -0.0456839055, 0.593083382)


NewPart.Parent = workspace
NewPart.Anchored = false
NewPart.Size = Vector3.new(1,1,1)


local NewPart = Instance.new("Part")
NewPart.Position = Vector3.new(-140.838547, -13.8191776, 215.7957, 0.594840229, 0.0617354363, -0.801469803, 1.03057287e-08, 0.99704653, 0.0768002868, 0.803843975, -0.0456839055, 0.593083382)


NewPart.Parent = workspace
NewPart.Anchored = false
NewPart.Size = Vector3.new(1,1,1)


local NewPart = Instance.new("Part")
NewPart.Position = Vector3.new(-140.838547, -13.8191776, 215.7957, 0.594840229, 0.0617354363, -0.801469803, 1.03057287e-08, 0.99704653, 0.0768002868, 0.803843975, -0.0456839055, 0.593083382)


NewPart.Parent = workspace
NewPart.Anchored = false
NewPart.Size = Vector3.new(1,1,1)


local NewPart = Instance.new("Part")
NewPart.Position = Vector3.new(-140.838547, -13.8191776, 215.7957, 0.594840229, 0.0617354363, -0.801469803, 1.03057287e-08, 0.99704653, 0.0768002868, 0.803843975, -0.0456839055, 0.593083382)


NewPart.Parent = workspace
NewPart.Anchored = false
NewPart.Size = Vector3.new(1,1,1)


local NewPart = Instance.new("Part")
NewPart.Position = Vector3.new(-140.838547, -13.8191776, 215.7957, 0.594840229, 0.0617354363, -0.801469803, 1.03057287e-08, 0.99704653, 0.0768002868, 0.803843975, -0.0456839055, 0.593083382)


NewPart.Parent = workspace
NewPart.Anchored = false
NewPart.Size = Vector3.new(1,1,1)


local NewPart = Instance.new("Part")
NewPart.Position = Vector3.new(-140.838547, -13.8191776, 215.7957, 0.594840229, 0.0617354363, -0.801469803, 1.03057287e-08, 0.99704653, 0.0768002868, 0.803843975, -0.0456839055, 0.593083382)


NewPart.Parent = workspace
NewPart.Anchored = false
NewPart.Size = Vector3.new(1,1,1)


local NewPart = Instance.new("Part")
NewPart.Position = Vector3.new(-140.838547, -13.8191776, 215.7957, 0.594840229, 0.0617354363, -0.801469803, 1.03057287e-08, 0.99704653, 0.0768002868, 0.803843975, -0.0456839055, 0.593083382)


NewPart.Parent = workspace
NewPart.Anchored = false
NewPart.Size = Vector3.new(1,1,1)


local NewPart = Instance.new("Part")
NewPart.Position = Vector3.new(-140.838547, -13.8191776, 215.7957, 0.594840229, 0.0617354363, -0.801469803, 1.03057287e-08, 0.99704653, 0.0768002868, 0.803843975, -0.0456839055, 0.593083382)


NewPart.Parent = workspace
NewPart.Anchored = false
NewPart.Size = Vector3.new(1,1,1)


local NewPart = Instance.new("Part")
NewPart.Position = Vector3.new(-140.838547, -13.8191776, 215.7957, 0.594840229, 0.0617354363, -0.801469803, 1.03057287e-08, 0.99704653, 0.0768002868, 0.803843975, -0.0456839055, 0.593083382)


NewPart.Parent = workspace
NewPart.Anchored = false
NewPart.Size = Vector3.new(1,1,1)


local NewPart = Instance.new("Part")
NewPart.Position = Vector3.new(-140.838547, -13.8191776, 215.7957, 0.594840229, 0.0617354363, -0.801469803, 1.03057287e-08, 0.99704653, 0.0768002868, 0.803843975, -0.0456839055, 0.593083382)


NewPart.Parent = workspace
NewPart.Anchored = false
NewPart.Size = Vector3.new(1,1,1)


local NewPart = Instance.new("Part")
NewPart.Position = Vector3.new(-140.838547, -13.8191776, 215.7957, 0.594840229, 0.0617354363, -0.801469803, 1.03057287e-08, 0.99704653, 0.0768002868, 0.803843975, -0.0456839055, 0.593083382)


NewPart.Parent = workspace
NewPart.Anchored = false
NewPart.Size = Vector3.new(1,1,1)


local NewPart = Instance.new("Part")
NewPart.Position = Vector3.new(-140.838547, -13.8191776, 215.7957, 0.594840229, 0.0617354363, -0.801469803, 1.03057287e-08, 0.99704653, 0.0768002868, 0.803843975, -0.0456839055, 0.593083382)


NewPart.Parent = workspace
NewPart.Anchored = false
NewPart.Size = Vector3.new(1,1,1)


local NewPart = Instance.new("Part")
NewPart.Position = Vector3.new(-140.838547, -13.8191776, 215.7957, 0.594840229, 0.0617354363, -0.801469803, 1.03057287e-08, 0.99704653, 0.0768002868, 0.803843975, -0.0456839055, 0.593083382)


NewPart.Parent = workspace
NewPart.Anchored = false
NewPart.Size = Vector3.new(1,1,1)


local NewPart = Instance.new("Part")
NewPart.Position = Vector3.new(-140.838547, -13.8191776, 215.7957, 0.594840229, 0.0617354363, -0.801469803, 1.03057287e-08, 0.99704653, 0.0768002868, 0.803843975, -0.0456839055, 0.593083382)


NewPart.Parent = workspace
NewPart.Anchored = false
NewPart.Size = Vector3.new(1,1,1)


local NewPart = Instance.new("Part")
NewPart.Position = Vector3.new(-140.838547, -13.8191776, 215.7957, 0.594840229, 0.0617354363, -0.801469803, 1.03057287e-08, 0.99704653, 0.0768002868, 0.803843975, -0.0456839055, 0.593083382)


NewPart.Parent = workspace
NewPart.Anchored = false
NewPart.Size = Vector3.new(1,1,1)


local NewPart = Instance.new("Part")
NewPart.Position = Vector3.new(-140.838547, -13.8191776, 215.7957, 0.594840229, 0.0617354363, -0.801469803, 1.03057287e-08, 0.99704653, 0.0768002868, 0.803843975, -0.0456839055, 0.593083382)


NewPart.Parent = workspace
NewPart.Anchored = false
NewPart.Size = Vector3.new(1,1,1)


local NewPart = Instance.new("Part")
NewPart.Position = Vector3.new(-140.838547, -13.8191776, 215.7957, 0.594840229, 0.0617354363, -0.801469803, 1.03057287e-08, 0.99704653, 0.0768002868, 0.803843975, -0.0456839055, 0.593083382)


NewPart.Parent = workspace
NewPart.Anchored = false
NewPart.Size = Vector3.new(1,1,1)


local NewPart = Instance.new("Part")
NewPart.Position = Vector3.new(-140.838547, -13.8191776, 215.7957, 0.594840229, 0.0617354363, -0.801469803, 1.03057287e-08, 0.99704653, 0.0768002868, 0.803843975, -0.0456839055, 0.593083382)


NewPart.Parent = workspace
NewPart.Anchored = false
NewPart.Size = Vector3.new(1,1,1)


local NewPart = Instance.new("Part")
NewPart.Position = Vector3.new(-140.838547, -13.8191776, 215.7957, 0.594840229, 0.0617354363, -0.801469803, 1.03057287e-08, 0.99704653, 0.0768002868, 0.803843975, -0.0456839055, 0.593083382)


NewPart.Parent = workspace
NewPart.Anchored = false
NewPart.Size = Vector3.new(1,1,1)


local NewPart = Instance.new("Part")
NewPart.Position = Vector3.new(-140.838547, -13.8191776, 215.7957, 0.594840229, 0.0617354363, -0.801469803, 1.03057287e-08, 0.99704653, 0.0768002868, 0.803843975, -0.0456839055, 0.593083382)


NewPart.Parent = workspace
NewPart.Anchored = false
NewPart.Size = Vector3.new(1,1,1)


local NewPart = Instance.new("Part")
NewPart.Position = Vector3.new(-140.838547, -13.8191776, 215.7957, 0.594840229, 0.0617354363, -0.801469803, 1.03057287e-08, 0.99704653, 0.0768002868, 0.803843975, -0.0456839055, 0.593083382)


NewPart.Parent = workspace
NewPart.Anchored = false
NewPart.Size = Vector3.new(1,1,1)


local NewPart = Instance.new("Part")
NewPart.Position = Vector3.new(-140.838547, -13.8191776, 215.7957, 0.594840229, 0.0617354363, -0.801469803, 1.03057287e-08, 0.99704653, 0.0768002868, 0.803843975, -0.0456839055, 0.593083382)


NewPart.Parent = workspace
NewPart.Anchored = false
NewPart.Size = Vector3.new(1,1,1)


local NewPart = Instance.new("Part")
NewPart.Position = Vector3.new(-140.838547, -13.8191776, 215.7957, 0.594840229, 0.0617354363, -0.801469803, 1.03057287e-08, 0.99704653, 0.0768002868, 0.803843975, -0.0456839055, 0.593083382)


NewPart.Parent = workspace
NewPart.Anchored = false
NewPart.Size = Vector3.new(1,1,1)


local NewPart = Instance.new("Part")
NewPart.Position = Vector3.new(-140.838547, -13.8191776, 215.7957, 0.594840229, 0.0617354363, -0.801469803, 1.03057287e-08, 0.99704653, 0.0768002868, 0.803843975, -0.0456839055, 0.593083382)


NewPart.Parent = workspace
NewPart.Anchored = false
NewPart.Size = Vector3.new(1,1,1)


local NewPart = Instance.new("Part")
NewPart.Position = Vector3.new(-140.838547, -13.8191776, 215.7957, 0.594840229, 0.0617354363, -0.801469803, 1.03057287e-08, 0.99704653, 0.0768002868, 0.803843975, -0.0456839055, 0.593083382)


NewPart.Parent = workspace
NewPart.Anchored = false
NewPart.Size = Vector3.new(1,1,1)


local NewPart = Instance.new("Part")
NewPart.Position = Vector3.new(-140.838547, -13.8191776, 215.7957, 0.594840229, 0.0617354363, -0.801469803, 1.03057287e-08, 0.99704653, 0.0768002868, 0.803843975, -0.0456839055, 0.593083382)


NewPart.Parent = workspace
NewPart.Anchored = false
NewPart.Size = Vector3.new(1,1,1)


local NewPart = Instance.new("Part")
NewPart.Position = Vector3.new(-140.838547, -13.8191776, 215.7957, 0.594840229, 0.0617354363, -0.801469803, 1.03057287e-08, 0.99704653, 0.0768002868, 0.803843975, -0.0456839055, 0.593083382)


NewPart.Parent = workspace
NewPart.Anchored = false
NewPart.Size = Vector3.new(1,1,1)


local NewPart = Instance.new("Part")
NewPart.Position = Vector3.new(-140.838547, -13.8191776, 215.7957, 0.594840229, 0.0617354363, -0.801469803, 1.03057287e-08, 0.99704653, 0.0768002868, 0.803843975, -0.0456839055, 0.593083382)


NewPart.Parent = workspace
NewPart.Anchored = false
NewPart.Size = Vector3.new(1,1,1)


local NewPart = Instance.new("Part")
NewPart.Position = Vector3.new(-140.838547, -13.8191776, 215.7957, 0.594840229, 0.0617354363, -0.801469803, 1.03057287e-08, 0.99704653, 0.0768002868, 0.803843975, -0.0456839055, 0.593083382)


NewPart.Parent = workspace
NewPart.Anchored = false
NewPart.Size = Vector3.new(1,1,1)


local NewPart = Instance.new("Part")
NewPart.Position = Vector3.new(-140.838547, -13.8191776, 215.7957, 0.594840229, 0.0617354363, -0.801469803, 1.03057287e-08, 0.99704653, 0.0768002868, 0.803843975, -0.0456839055, 0.593083382)


NewPart.Parent = workspace
NewPart.Anchored = false
NewPart.Size = Vector3.new(1,1,1)


local NewPart = Instance.new("Part")
NewPart.Position = Vector3.new(-140.838547, -13.8191776, 215.7957, 0.594840229, 0.0617354363, -0.801469803, 1.03057287e-08, 0.99704653, 0.0768002868, 0.803843975, -0.0456839055, 0.593083382)


NewPart.Parent = workspace
NewPart.Anchored = false
NewPart.Size = Vector3.new(1,1,1)


local NewPart = Instance.new("Part")
NewPart.Position = Vector3.new(-140.838547, -13.8191776, 215.7957, 0.594840229, 0.0617354363, -0.801469803, 1.03057287e-08, 0.99704653, 0.0768002868, 0.803843975, -0.0456839055, 0.593083382)


NewPart.Parent = workspace
NewPart.Anchored = false
NewPart.Size = Vector3.new(1,1,1)


local NewPart = Instance.new("Part")
NewPart.Position = Vector3.new(-140.838547, -13.8191776, 215.7957, 0.594840229, 0.0617354363, -0.801469803, 1.03057287e-08, 0.99704653, 0.0768002868, 0.803843975, -0.0456839055, 0.593083382)


NewPart.Parent = workspace
NewPart.Anchored = false
NewPart.Size = Vector3.new(1,1,1)


local NewPart = Instance.new("Part")
NewPart.Position = Vector3.new(-140.838547, -13.8191776, 215.7957, 0.594840229, 0.0617354363, -0.801469803, 1.03057287e-08, 0.99704653, 0.0768002868, 0.803843975, -0.0456839055, 0.593083382)


NewPart.Parent = workspace
NewPart.Anchored = false
NewPart.Size = Vector3.new(1,1,1)


local NewPart = Instance.new("Part")
NewPart.Position = Vector3.new(-140.838547, -13.8191776, 215.7957, 0.594840229, 0.0617354363, -0.801469803, 1.03057287e-08, 0.99704653, 0.0768002868, 0.803843975, -0.0456839055, 0.593083382)


NewPart.Parent = workspace
NewPart.Anchored = false
NewPart.Size = Vector3.new(1,1,1)


local NewPart = Instance.new("Part")
NewPart.Position = Vector3.new(-140.838547, -13.8191776, 215.7957, 0.594840229, 0.0617354363, -0.801469803, 1.03057287e-08, 0.99704653, 0.0768002868, 0.803843975, -0.0456839055, 0.593083382)


NewPart.Parent = workspace
NewPart.Anchored = false
NewPart.Size = Vector3.new(1,1,1)


local NewPart = Instance.new("Part")
NewPart.Position = Vector3.new(-140.838547, -13.8191776, 215.7957, 0.594840229, 0.0617354363, -0.801469803, 1.03057287e-08, 0.99704653, 0.0768002868, 0.803843975, -0.0456839055, 0.593083382)


NewPart.Parent = workspace
NewPart.Anchored = false
NewPart.Size = Vector3.new(1,1,1)


local NewPart = Instance.new("Part")
NewPart.Position = Vector3.new(-140.838547, -13.8191776, 215.7957, 0.594840229, 0.0617354363, -0.801469803, 1.03057287e-08, 0.99704653, 0.0768002868, 0.803843975, -0.0456839055, 0.593083382)


NewPart.Parent = workspace
NewPart.Anchored = false
NewPart.Size = Vector3.new(1,1,1)


local NewPart = Instance.new("Part")
NewPart.Position = Vector3.new(-140.838547, -13.8191776, 215.7957, 0.594840229, 0.0617354363, -0.801469803, 1.03057287e-08, 0.99704653, 0.0768002868, 0.803843975, -0.0456839055, 0.593083382)


NewPart.Parent = workspace
NewPart.Anchored = false
NewPart.Size = Vector3.new(1,1,1)


local NewPart = Instance.new("Part")
NewPart.Position = Vector3.new(-140.838547, -13.8191776, 215.7957, 0.594840229, 0.0617354363, -0.801469803, 1.03057287e-08, 0.99704653, 0.0768002868, 0.803843975, -0.0456839055, 0.593083382)


NewPart.Parent = workspace
NewPart.Anchored = false
NewPart.Size = Vector3.new(1,1,1)


local NewPart = Instance.new("Part")
NewPart.Position = Vector3.new(-140.838547, -13.8191776, 215.7957, 0.594840229, 0.0617354363, -0.801469803, 1.03057287e-08, 0.99704653, 0.0768002868, 0.803843975, -0.0456839055, 0.593083382)


NewPart.Parent = workspace
NewPart.Anchored = false
NewPart.Size = Vector3.new(1,1,1)


local NewPart = Instance.new("Part")
NewPart.Position = Vector3.new(-140.838547, -13.8191776, 215.7957, 0.594840229, 0.0617354363, -0.801469803, 1.03057287e-08, 0.99704653, 0.0768002868, 0.803843975, -0.0456839055, 0.593083382)


NewPart.Parent = workspace
NewPart.Anchored = false
NewPart.Size = Vector3.new(1,1,1)


local NewPart = Instance.new("Part")
NewPart.Position = Vector3.new(-140.838547, -13.8191776, 215.7957, 0.594840229, 0.0617354363, -0.801469803, 1.03057287e-08, 0.99704653, 0.0768002868, 0.803843975, -0.0456839055, 0.593083382)


NewPart.Parent = workspace
NewPart.Anchored = false
NewPart.Size = Vector3.new(1,1,1)


local NewPart = Instance.new("Part")
NewPart.Position = Vector3.new(-140.838547, -13.8191776, 215.7957, 0.594840229, 0.0617354363, -0.801469803, 1.03057287e-08, 0.99704653, 0.0768002868, 0.803843975, -0.0456839055, 0.593083382)


NewPart.Parent = workspace
NewPart.Anchored = false
NewPart.Size = Vector3.new(1,1,1)


local NewPart = Instance.new("Part")
NewPart.Position = Vector3.new(-140.838547, -13.8191776, 215.7957, 0.594840229, 0.0617354363, -0.801469803, 1.03057287e-08, 0.99704653, 0.0768002868, 0.803843975, -0.0456839055, 0.593083382)


NewPart.Parent = workspace
NewPart.Anchored = false
NewPart.Size = Vector3.new(1,1,1)


local NewPart = Instance.new("Part")
NewPart.Position = Vector3.new(-140.838547, -13.8191776, 215.7957, 0.594840229, 0.0617354363, -0.801469803, 1.03057287e-08, 0.99704653, 0.0768002868, 0.803843975, -0.0456839055, 0.593083382)


NewPart.Parent = workspace
NewPart.Anchored = false
NewPart.Size = Vector3.new(1,1,1)


local NewPart = Instance.new("Part")
NewPart.Position = Vector3.new(-140.838547, -13.8191776, 215.7957, 0.594840229, 0.0617354363, -0.801469803, 1.03057287e-08, 0.99704653, 0.0768002868, 0.803843975, -0.0456839055, 0.593083382)


NewPart.Parent = workspace
NewPart.Anchored = false
NewPart.Size = Vector3.new(1,1,1)


local NewPart = Instance.new("Part")
NewPart.Position = Vector3.new(-140.838547, -13.8191776, 215.7957, 0.594840229, 0.0617354363, -0.801469803, 1.03057287e-08, 0.99704653, 0.0768002868, 0.803843975, -0.0456839055, 0.593083382)


NewPart.Parent = workspace
NewPart.Anchored = false
NewPart.Size = Vector3.new(1,1,1)


local NewPart = Instance.new("Part")
NewPart.Position = Vector3.new(-140.838547, -13.8191776, 215.7957, 0.594840229, 0.0617354363, -0.801469803, 1.03057287e-08, 0.99704653, 0.0768002868, 0.803843975, -0.0456839055, 0.593083382)


NewPart.Parent = workspace
NewPart.Anchored = false
NewPart.Size = Vector3.new(1,1,1)


local NewPart = Instance.new("Part")
NewPart.Position = Vector3.new(-140.838547, -13.8191776, 215.7957, 0.594840229, 0.0617354363, -0.801469803, 1.03057287e-08, 0.99704653, 0.0768002868, 0.803843975, -0.0456839055, 0.593083382)


NewPart.Parent = workspace
NewPart.Anchored = false
NewPart.Size = Vector3.new(1,1,1)


local NewPart = Instance.new("Part")
NewPart.Position = Vector3.new(-140.838547, -13.8191776, 215.7957, 0.594840229, 0.0617354363, -0.801469803, 1.03057287e-08, 0.99704653, 0.0768002868, 0.803843975, -0.0456839055, 0.593083382)


NewPart.Parent = workspace
NewPart.Anchored = false
NewPart.Size = Vector3.new(1,1,1)


local NewPart = Instance.new("Part")
NewPart.Position = Vector3.new(-140.838547, -13.8191776, 215.7957, 0.594840229, 0.0617354363, -0.801469803, 1.03057287e-08, 0.99704653, 0.0768002868, 0.803843975, -0.0456839055, 0.593083382)


NewPart.Parent = workspace
NewPart.Anchored = false
NewPart.Size = Vector3.new(1,1,1)


local NewPart = Instance.new("Part")
NewPart.Position = Vector3.new(-140.838547, -13.8191776, 215.7957, 0.594840229, 0.0617354363, -0.801469803, 1.03057287e-08, 0.99704653, 0.0768002868, 0.803843975, -0.0456839055, 0.593083382)


NewPart.Parent = workspace
NewPart.Anchored = false
NewPart.Size = Vector3.new(1,1,1)


local NewPart = Instance.new("Part")
NewPart.Position = Vector3.new(-140.838547, -13.8191776, 215.7957, 0.594840229, 0.0617354363, -0.801469803, 1.03057287e-08, 0.99704653, 0.0768002868, 0.803843975, -0.0456839055, 0.593083382)


NewPart.Parent = workspace
NewPart.Anchored = false
NewPart.Size = Vector3.new(1,1,1)


local NewPart = Instance.new("Part")
NewPart.Position = Vector3.new(-140.838547, -13.8191776, 215.7957, 0.594840229, 0.0617354363, -0.801469803, 1.03057287e-08, 0.99704653, 0.0768002868, 0.803843975, -0.0456839055, 0.593083382)


NewPart.Parent = workspace
NewPart.Anchored = false
NewPart.Size = Vector3.new(1,1,1)


local NewPart = Instance.new("Part")
NewPart.Position = Vector3.new(-140.838547, -13.8191776, 215.7957, 0.594840229, 0.0617354363, -0.801469803, 1.03057287e-08, 0.99704653, 0.0768002868, 0.803843975, -0.0456839055, 0.593083382)


NewPart.Parent = workspace
NewPart.Anchored = false
NewPart.Size = Vector3.new(1,1,1)


local NewPart = Instance.new("Part")
NewPart.Position = Vector3.new(-140.838547, -13.8191776, 215.7957, 0.594840229, 0.0617354363, -0.801469803, 1.03057287e-08, 0.99704653, 0.0768002868, 0.803843975, -0.0456839055, 0.593083382)


NewPart.Parent = workspace
NewPart.Anchored = false
NewPart.Size = Vector3.new(1,1,1)


local NewPart = Instance.new("Part")
NewPart.Position = Vector3.new(-140.838547, -13.8191776, 215.7957, 0.594840229, 0.0617354363, -0.801469803, 1.03057287e-08, 0.99704653, 0.0768002868, 0.803843975, -0.0456839055, 0.593083382)


NewPart.Parent = workspace
NewPart.Anchored = false
NewPart.Size = Vector3.new(1,1,1)


local NewPart = Instance.new("Part")
NewPart.Position = Vector3.new(-140.838547, -13.8191776, 215.7957, 0.594840229, 0.0617354363, -0.801469803, 1.03057287e-08, 0.99704653, 0.0768002868, 0.803843975, -0.0456839055, 0.593083382)


NewPart.Parent = workspace
NewPart.Anchored = false
NewPart.Size = Vector3.new(1,1,1)


local NewPart = Instance.new("Part")
NewPart.Position = Vector3.new(-140.838547, -13.8191776, 215.7957, 0.594840229, 0.0617354363, -0.801469803, 1.03057287e-08, 0.99704653, 0.0768002868, 0.803843975, -0.0456839055, 0.593083382)


NewPart.Parent = workspace
NewPart.Anchored = false
NewPart.Size = Vector3.new(1,1,1)


local NewPart = Instance.new("Part")
NewPart.Position = Vector3.new(-140.838547, -13.8191776, 215.7957, 0.594840229, 0.0617354363, -0.801469803, 1.03057287e-08, 0.99704653, 0.0768002868, 0.803843975, -0.0456839055, 0.593083382)


NewPart.Parent = workspace
NewPart.Anchored = false
NewPart.Size = Vector3.new(1,1,1)


local NewPart = Instance.new("Part")
NewPart.Position = Vector3.new(-140.838547, -13.8191776, 215.7957, 0.594840229, 0.0617354363, -0.801469803, 1.03057287e-08, 0.99704653, 0.0768002868, 0.803843975, -0.0456839055, 0.593083382)


NewPart.Parent = workspace
NewPart.Anchored = false
NewPart.Size = Vector3.new(1,1,1)


local NewPart = Instance.new("Part")
NewPart.Position = Vector3.new(-140.838547, -13.8191776, 215.7957, 0.594840229, 0.0617354363, -0.801469803, 1.03057287e-08, 0.99704653, 0.0768002868, 0.803843975, -0.0456839055, 0.593083382)


NewPart.Parent = workspace
NewPart.Anchored = false
NewPart.Size = Vector3.new(1,1,1)


local NewPart = Instance.new("Part")
NewPart.Position = Vector3.new(-140.838547, -13.8191776, 215.7957, 0.594840229, 0.0617354363, -0.801469803, 1.03057287e-08, 0.99704653, 0.0768002868, 0.803843975, -0.0456839055, 0.593083382)


NewPart.Parent = workspace
NewPart.Anchored = false
NewPart.Size = Vector3.new(1,1,1)


local NewPart = Instance.new("Part")
NewPart.Position = Vector3.new(-140.838547, -13.8191776, 215.7957, 0.594840229, 0.0617354363, -0.801469803, 1.03057287e-08, 0.99704653, 0.0768002868, 0.803843975, -0.0456839055, 0.593083382)


NewPart.Parent = workspace
NewPart.Anchored = false
NewPart.Size = Vector3.new(1,1,1)


local NewPart = Instance.new("Part")
NewPart.Position = Vector3.new(-140.838547, -13.8191776, 215.7957, 0.594840229, 0.0617354363, -0.801469803, 1.03057287e-08, 0.99704653, 0.0768002868, 0.803843975, -0.0456839055, 0.593083382)


NewPart.Parent = workspace
NewPart.Anchored = false
NewPart.Size = Vector3.new(1,1,1)


local NewPart = Instance.new("Part")
NewPart.Position = Vector3.new(-140.838547, -13.8191776, 215.7957, 0.594840229, 0.0617354363, -0.801469803, 1.03057287e-08, 0.99704653, 0.0768002868, 0.803843975, -0.0456839055, 0.593083382)


NewPart.Parent = workspace
NewPart.Anchored = false
NewPart.Size = Vector3.new(1,1,1)


local NewPart = Instance.new("Part")
NewPart.Position = Vector3.new(-140.838547, -13.8191776, 215.7957, 0.594840229, 0.0617354363, -0.801469803, 1.03057287e-08, 0.99704653, 0.0768002868, 0.803843975, -0.0456839055, 0.593083382)


NewPart.Parent = workspace
NewPart.Anchored = false
NewPart.Size = Vector3.new(1,1,1)


local NewPart = Instance.new("Part")
NewPart.Position = Vector3.new(-140.838547, -13.8191776, 215.7957, 0.594840229, 0.0617354363, -0.801469803, 1.03057287e-08, 0.99704653, 0.0768002868, 0.803843975, -0.0456839055, 0.593083382)


NewPart.Parent = workspace
NewPart.Anchored = false
NewPart.Size = Vector3.new(1,1,1)


local NewPart = Instance.new("Part")
NewPart.Position = Vector3.new(-140.838547, -13.8191776, 215.7957, 0.594840229, 0.0617354363, -0.801469803, 1.03057287e-08, 0.99704653, 0.0768002868, 0.803843975, -0.0456839055, 0.593083382)


NewPart.Parent = workspace
NewPart.Anchored = false
NewPart.Size = Vector3.new(1,1,1)


local NewPart = Instance.new("Part")
NewPart.Position = Vector3.new(-140.838547, -13.8191776, 215.7957, 0.594840229, 0.0617354363, -0.801469803, 1.03057287e-08, 0.99704653, 0.0768002868, 0.803843975, -0.0456839055, 0.593083382)


NewPart.Parent = workspace
NewPart.Anchored = false
NewPart.Size = Vector3.new(1,1,1)


local NewPart = Instance.new("Part")
NewPart.Position = Vector3.new(-140.838547, -13.8191776, 215.7957, 0.594840229, 0.0617354363, -0.801469803, 1.03057287e-08, 0.99704653, 0.0768002868, 0.803843975, -0.0456839055, 0.593083382)


NewPart.Parent = workspace
NewPart.Anchored = false
NewPart.Size = Vector3.new(1,1,1)


local NewPart = Instance.new("Part")
NewPart.Position = Vector3.new(-140.838547, -13.8191776, 215.7957, 0.594840229, 0.0617354363, -0.801469803, 1.03057287e-08, 0.99704653, 0.0768002868, 0.803843975, -0.0456839055, 0.593083382)


NewPart.Parent = workspace
NewPart.Anchored = false
NewPart.Size = Vector3.new(1,1,1)


local NewPart = Instance.new("Part")
NewPart.Position = Vector3.new(-140.838547, -13.8191776, 215.7957, 0.594840229, 0.0617354363, -0.801469803, 1.03057287e-08, 0.99704653, 0.0768002868, 0.803843975, -0.0456839055, 0.593083382)


NewPart.Parent = workspace
NewPart.Anchored = false
NewPart.Size = Vector3.new(1,1,1)


local NewPart = Instance.new("Part")
NewPart.Position = Vector3.new(-140.838547, -13.8191776, 215.7957, 0.594840229, 0.0617354363, -0.801469803, 1.03057287e-08, 0.99704653, 0.0768002868, 0.803843975, -0.0456839055, 0.593083382)


NewPart.Parent = workspace
NewPart.Anchored = false
NewPart.Size = Vector3.new(1,1,1)


local NewPart = Instance.new("Part")
NewPart.Position = Vector3.new(-140.838547, -13.8191776, 215.7957, 0.594840229, 0.0617354363, -0.801469803, 1.03057287e-08, 0.99704653, 0.0768002868, 0.803843975, -0.0456839055, 0.593083382)


NewPart.Parent = workspace
NewPart.Anchored = false
NewPart.Size = Vector3.new(1,1,1)


local NewPart = Instance.new("Part")
NewPart.Position = Vector3.new(-140.838547, -13.8191776, 215.7957, 0.594840229, 0.0617354363, -0.801469803, 1.03057287e-08, 0.99704653, 0.0768002868, 0.803843975, -0.0456839055, 0.593083382)


NewPart.Parent = workspace
NewPart.Anchored = false
NewPart.Size = Vector3.new(1,1,1)


local NewPart = Instance.new("Part")
NewPart.Position = Vector3.new(-140.838547, -13.8191776, 215.7957, 0.594840229, 0.0617354363, -0.801469803, 1.03057287e-08, 0.99704653, 0.0768002868, 0.803843975, -0.0456839055, 0.593083382)


NewPart.Parent = workspace
NewPart.Anchored = false
NewPart.Size = Vector3.new(1,1,1)


local NewPart = Instance.new("Part")
NewPart.Position = Vector3.new(-140.838547, -13.8191776, 215.7957, 0.594840229, 0.0617354363, -0.801469803, 1.03057287e-08, 0.99704653, 0.0768002868, 0.803843975, -0.0456839055, 0.593083382)


NewPart.Parent = workspace
NewPart.Anchored = false
NewPart.Size = Vector3.new(1,1,1)


local NewPart = Instance.new("Part")
NewPart.Position = Vector3.new(-140.838547, -13.8191776, 215.7957, 0.594840229, 0.0617354363, -0.801469803, 1.03057287e-08, 0.99704653, 0.0768002868, 0.803843975, -0.0456839055, 0.593083382)


